transaction block key_image ...key_offsets
ca2985fb61f7fed7eb2539f82ed67a62726694f6db786903ac09b80fc88a0fac 246109 41410 17531 49667 1345 1013 112
b51987bff284c69a80eac1e163a131ac3c2c052cc25d420b3bbfed18d242167a 110563 160120 55145 30177 670 228 344
b00f6308c4410e4ebaab4b0d936221dc68a8ff4403c8ff727681670b7e468283 229259 33171 22577 32146 7694 4945 26659
a5d70779fa760d40cb81a6eb637bba661587c8d02829125fdbe47a4a9c338cdf 259878 46671 46371 3369 271 193 490
6eea78cc67796fb781107a8fd93d79b81af85f062d83ef32e492140667d6e48d 215310 93935 38637 6824 1612 276 139
01e0fcfdf0117950dab33a5aa6fbdbe3ebff818ad261509008073f09dcdf1e36 118967 233919 3163 496 462 44 90
61ab4becf47365fac71557aec8d89bfaf87950005cba523e277ff23f9108df75 129914 82768 86191 25313 30239 1870 84
c5b10b0b26a9482bd61a51c6144e87a1055df2e19b3bbfeb0bb102219f7a8536 144874 60018 28889 29351 92857 521 733
c478925410c877ca7f31631b639a27d3195abedf43622ab31375bbd6081ac200 263481 24326 45979 10222 12907 130 199
7f5eb189d8fb3f274b5b8ac224254a36c17016def1c5276402e14c556fc5ca27 110734 235564 6091 1351 2745 92 471
391f382207bcca36499450abe54b6c1622457b143636c3c648679cc744f960fc 104427 202422 30535 14479 4577 71 543
2aa299944b8c207fe49a5b1718d1904b24a1223df2955818e330c1425ebd65f7 141987 54917 68865 38383 42339 6417 3763
a4b9ec2519001e181f162e919424ccba7ed48274af808e84c05903a212ac171b 234077 21507 1499 35989 36715 13554 13136
c22ba9a511975bbcebf54492fb345e3b7c1c5f33a590a328bd27d922358c7f9b relative 255272 8136 55553 7669 10950 12308 7388
3324b6f3264a6e701c3df2126543f9b49f30b97ccdd359f79edbe88c792d7c25 relative 244414 24425 43880 27662 2810 2263 11823
c5b10b0b26a9482bd61a51c6144e87a1055df2e19b3bbfeb0bb102219f7a8536 relative 144874 60018 28889 29351 92857 521 733
c478925410c877ca7f31631b639a27d3195abedf43622ab31375bbd6081ac200 relative 263481 24326 45979 10222 12907 130 199
a4b9ec2519001e181f162e919424ccba7ed48274af808e84c05903a212ac171b relative 234077 21507 1499 35989 36715 13554 13136
2aa299944b8c207fe49a5b1718d1904b24a1223df2955818e330c1425ebd65f7 relative 141987 54917 68865 38383 42339 6417 3763
7f5eb189d8fb3f274b5b8ac224254a36c17016def1c5276402e14c556fc5ca27 relative 110734 235564 6091 1351 2745 92 471
391f382207bcca36499450abe54b6c1622457b143636c3c648679cc744f960fc relative 104427 202422 30535 14479 4577 71 543
ca2985fb61f7fed7eb2539f82ed67a62726694f6db786903ac09b80fc88a0fac relative 246109 41410 17531 49667 1345 1013 112
b00f6308c4410e4ebaab4b0d936221dc68a8ff4403c8ff727681670b7e468283 relative 229259 33171 22577 32146 7694 4945 26659
b51987bff284c69a80eac1e163a131ac3c2c052cc25d420b3bbfed18d242167a relative 110563 160120 55145 30177 670 228 344
a5d70779fa760d40cb81a6eb637bba661587c8d02829125fdbe47a4a9c338cdf relative 259878 46671 46371 3369 271 193 490
6eea78cc67796fb781107a8fd93d79b81af85f062d83ef32e492140667d6e48d relative 215310 93935 38637 6824 1612 276 139
61ab4becf47365fac71557aec8d89bfaf87950005cba523e277ff23f9108df75 relative 129914 82768 86191 25313 30239 1870 84
01e0fcfdf0117950dab33a5aa6fbdbe3ebff818ad261509008073f09dcdf1e36 relative 118967 233919 3163 496 462 44 90
